aa <- 11 + 111
aa